   0.0000000e+00
   1.8088073e-06
   3.6176146e-06
   5.4264219e-06
   1.1422551e-05
   1.7418679e-05
   2.3414808e-05
   2.9410937e-05
   4.6200651e-05
   6.2990365e-05
   7.9780079e-05
   9.6569792e-05
   1.2300475e-04
   1.4943970e-04
   1.7587465e-04
   2.0230961e-04
   2.2874456e-04
   2.7334393e-04
   3.1794331e-04
   3.6254268e-04
   4.0714205e-04
   4.5174142e-04
   5.3185590e-04
   6.1197038e-04
   6.9208486e-04
   7.7219934e-04
   8.5231382e-04
   1.0006715e-03
   1.1490291e-03
   1.2973867e-03
   1.4457444e-03
   1.5941020e-03
   1.8693283e-03
   2.1445545e-03
   2.4197808e-03
   2.6950071e-03
   2.9702333e-03
   3.4722405e-03
   3.9742476e-03
   4.4762548e-03
   4.9782619e-03
   5.4802691e-03
   6.4678855e-03
   7.4555020e-03
   8.4431185e-03
   9.4307350e-03
   1.0418351e-02
   1.1823485e-02
   1.3228619e-02
   1.4633752e-02
   1.6038886e-02
   1.7444019e-02
   2.0062780e-02
   2.2681540e-02
   2.5300300e-02
   2.7919061e-02
   3.0537821e-02
   3.6490067e-02
   4.2442313e-02
   4.8394558e-02
   5.4346804e-02
   6.0299050e-02
   6.9259569e-02
   7.8220087e-02
   8.7180605e-02
   9.6141124e-02
   1.0510164e-01
   1.1868412e-01
   1.3226659e-01
   1.4584906e-01
   1.5943153e-01
   1.7301401e-01
   1.9480609e-01
   2.1659817e-01
   2.3839025e-01
   2.6018233e-01
   2.8197441e-01
   3.1731935e-01
   3.5266430e-01
   3.8800924e-01
   4.2335419e-01
   4.5869913e-01
   5.0422207e-01
   5.4974500e-01
   5.9526794e-01
   6.4079087e-01
   6.8631381e-01
   7.3183674e-01
   8.0836514e-01
   8.8489353e-01
   9.6142193e-01
   1.0379503e+00
   1.1144787e+00
   1.1910071e+00
   1.3358855e+00
   1.4807639e+00
   1.6256423e+00
   1.7705207e+00
   1.9153991e+00
   2.0602775e+00
   2.3637996e+00
   2.6673216e+00
   2.9708437e+00
   3.2743657e+00
   3.5778877e+00
   3.8814098e+00
   4.4034488e+00
   4.9254878e+00
   5.4475268e+00
   5.9695657e+00
   6.4916047e+00
   7.0136437e+00
   7.7305005e+00
   8.4473572e+00
   9.1642139e+00
   9.8810706e+00
   1.0597927e+01
   1.1314784e+01
   1.2240832e+01
   1.3166880e+01
   1.4092928e+01
   1.5018976e+01
   1.5945023e+01
   1.6871071e+01
   1.7951706e+01
   1.9032340e+01
   2.0112974e+01
   2.1193608e+01
   2.2274242e+01
   2.4136751e+01
   2.5999261e+01
   2.7861770e+01
   2.9724279e+01
   3.1586789e+01
   3.4960793e+01
   3.8334798e+01
   4.1708803e+01
   4.5082807e+01
   4.8456812e+01
   5.0000000e+01
   5.0000017e+01
   5.0000034e+01
   5.0000052e+01
   5.0000098e+01
   5.0000143e+01
   5.0000189e+01
   5.0000235e+01
   5.0000319e+01
   5.0000402e+01
   5.0000486e+01
   5.0000569e+01
   5.0000653e+01
   5.0000866e+01
   5.0001078e+01
   5.0001291e+01
   5.0001504e+01
   5.0001717e+01
   5.0002250e+01
   5.0002783e+01
   5.0003316e+01
   5.0003849e+01
   5.0004382e+01
   5.0005609e+01
   5.0006836e+01
   5.0008063e+01
   5.0009289e+01
   5.0010516e+01
   5.0012799e+01
   5.0015082e+01
   5.0017366e+01
   5.0019649e+01
   5.0021932e+01
   5.0026976e+01
   5.0032021e+01
   5.0037065e+01
   5.0042110e+01
   5.0047154e+01
   5.0058818e+01
   5.0070481e+01
   5.0082145e+01
   5.0093808e+01
   5.0105472e+01
   5.0125155e+01
   5.0144839e+01
   5.0164522e+01
   5.0184205e+01
   5.0203889e+01
   5.0238202e+01
   5.0272516e+01
   5.0306829e+01
   5.0341143e+01
   5.0375457e+01
   5.0434368e+01
   5.0493280e+01
   5.0552191e+01
   5.0611103e+01
   5.0670014e+01
   5.0767022e+01
   5.0864031e+01
   5.0961039e+01
   5.1058047e+01
   5.1155055e+01
   5.1307266e+01
   5.1459477e+01
   5.1611689e+01
   5.1763900e+01
   5.1916111e+01
   5.2197300e+01
   5.2478488e+01
   5.2759677e+01
   5.3040866e+01
   5.3322054e+01
   5.3795234e+01
   5.4268413e+01
   5.4741593e+01
   5.5214772e+01
   5.5687951e+01
   5.6306538e+01
   5.6925124e+01
   5.7543710e+01
   5.8162296e+01
   5.8780882e+01
   5.9669411e+01
   6.0557940e+01
   6.1446469e+01
   6.2334998e+01
   6.3223527e+01
   6.4681722e+01
   6.6139916e+01
   6.7598111e+01
   6.9056306e+01
   7.0514500e+01
   7.2110118e+01
   7.3705735e+01
   7.5301352e+01
   7.6896969e+01
   7.8492587e+01
   8.0088204e+01
   8.2099361e+01
   8.4110517e+01
   8.6121674e+01
   8.8132830e+01
   9.0143987e+01
   9.2155143e+01
   9.4325315e+01
   9.6495487e+01
   9.8665659e+01
   1.0083583e+02
   1.0300600e+02
   1.0517617e+02
   1.0762365e+02
   1.1007112e+02
   1.1251860e+02
   1.1496607e+02
   1.1741354e+02
   1.1986102e+02
   1.2302588e+02
   1.2619074e+02
   1.2935560e+02
   1.3252047e+02
   1.3568533e+02
   1.3885019e+02
   1.4321564e+02
   1.4758108e+02
   1.5000000e+02
